 0.00000000e+00  8.18827866e-01 
 1.00000000e-02  8.20286248e-01 
 2.00000000e-02  8.21738340e-01 
 3.00000000e-02  8.23189152e-01 
 4.00000000e-02  8.24637278e-01 
 5.00000000e-02  8.26082913e-01 
 6.00000000e-02  8.27526259e-01 
 7.00000000e-02  8.28967516e-01 
 8.00000000e-02  8.30406889e-01 
 9.00000000e-02  8.31844587e-01 
 1.00000000e-01  8.33280821e-01 
 1.10000000e-01  8.34715808e-01 
 1.20000000e-01  8.36149769e-01 
 1.30000000e-01  8.37582933e-01 
 1.40000000e-01  8.39015534e-01 
 1.50000000e-01  8.40447816e-01 
 1.60000000e-01  8.41880030e-01 
 1.70000000e-01  8.43312439e-01 
 1.80000000e-01  8.44745314e-01 
 1.90000000e-01  8.46178943e-01 
 2.00000000e-01  8.47613624e-01 
 2.10000000e-01  8.49049675e-01 
 2.20000000e-01  8.50487427e-01 
 2.30000000e-01  8.51927236e-01 
 2.40000000e-01  8.53369477e-01 
 2.50000000e-01  8.54814551e-01 
 2.60000000e-01  8.56262890e-01 
 2.70000000e-01  8.57714953e-01 
 2.80000000e-01  8.59171241e-01 
 2.90000000e-01  8.60632291e-01 
 3.00000000e-01  8.62098691e-01 
 3.10000000e-01  8.63571079e-01 
 3.20000000e-01  8.65050156e-01 
 3.30000000e-01  8.66536691e-01 
 3.40000000e-01  8.68031536e-01 
 3.50000000e-01  8.69535633e-01 
 3.60000000e-01  8.71050033e-01 
 3.70000000e-01  8.72575914e-01 
 3.80000000e-01  8.74114600e-01 
 3.90000000e-01  8.75667589e-01 
 4.00000000e-01  8.77236586e-01 
 4.10000000e-01  8.78823542e-01 
 4.20000000e-01  8.80430701e-01 
 4.30000000e-01  8.82060668e-01 
 4.40000000e-01  8.83716480e-01 
 4.50000000e-01  8.85401709e-01 
 4.60000000e-01  8.87120592e-01 
 4.70000000e-01  8.88878192e-01 
 4.80000000e-01  8.90680619e-01 
 4.90000000e-01  8.92535322e-01 
 5.00000000e-01  8.94451470e-01 
 5.10000000e-01  8.96440486e-01 
 5.20000000e-01  8.98516766e-01 
 5.30000000e-01  9.00698679e-01 
 5.40000000e-01  9.03009974e-01 
 5.50000000e-01  9.05481749e-01 
 5.60000000e-01  9.08155253e-01 
 5.70000000e-01  9.11085834e-01 
 5.80000000e-01  9.14348484e-01 
 5.90000000e-01  9.18045495e-01 
 6.00000000e-01  9.22316817e-01 
 6.10000000e-01  9.27353906e-01 
 6.20000000e-01  9.33418666e-01 
 6.30000000e-01  9.40872071e-01 
 6.40000000e-01  9.50224770e-01 
 6.50000000e-01  9.62240733e-01 
 6.60000000e-01  9.78176364e-01 
 6.70000000e-01  1.00042563e+00 
 6.80000000e-01  1.03484751e+00 
 6.90000000e-01  1.12328492e+00 
 7.00000000e-01  3.26642585e-02 
 7.10000000e-01  3.26147825e-02 
 7.20000000e-01  3.25663921e-02 
 7.30000000e-01  3.25190695e-02 
 7.40000000e-01  3.24727971e-02 
 7.50000000e-01  3.24275578e-02 
 7.60000000e-01  3.23833348e-02 
 7.70000000e-01  3.23401118e-02 
 7.80000000e-01  3.22978726e-02 
 7.90000000e-01  3.22566015e-02 
 8.00000000e-01  3.22162832e-02 
 8.10000000e-01  3.21769026e-02 
 8.20000000e-01  3.21384449e-02 
 8.30000000e-01  3.21008957e-02 
 8.40000000e-01  3.20642410e-02 
 8.50000000e-01  3.20284667e-02 
 8.60000000e-01  3.19935595e-02 
 8.70000000e-01  3.19595059e-02 
 8.80000000e-01  3.19262929e-02 
 8.90000000e-01  3.18939079e-02 
 9.00000000e-01  3.18623384e-02 
 9.10000000e-01  3.18315720e-02 
 9.20000000e-01  3.18015968e-02 
 9.30000000e-01  3.17724009e-02 
 9.40000000e-01  3.17439730e-02 
 9.50000000e-01  3.17163017e-02 
 9.60000000e-01  3.16893758e-02 
 9.70000000e-01  3.16631846e-02 
 9.80000000e-01  3.16377173e-02 
 9.90000000e-01  3.16129635e-02 
 1.00000000e+00  3.15889130e-02 
 1.01000000e+00  3.15655556e-02 
 1.02000000e+00  3.15428816e-02 
 1.03000000e+00  3.15208812e-02 
 1.04000000e+00  3.14995449e-02 
 1.05000000e+00  3.14788634e-02 
 1.06000000e+00  3.14588276e-02 
 1.07000000e+00  3.14394285e-02 
 1.08000000e+00  3.14206572e-02 
 1.09000000e+00  3.14025051e-02 
 1.10000000e+00  3.13849637e-02 
 1.11000000e+00  3.13680247e-02 
 1.12000000e+00  3.13516799e-02 
 1.13000000e+00  3.13359211e-02 
 1.14000000e+00  3.13207406e-02 
 1.15000000e+00  3.13061306e-02 
 1.16000000e+00  3.12920834e-02 
 1.17000000e+00  3.12785915e-02 
 1.18000000e+00  3.12656477e-02 
 1.19000000e+00  3.12532446e-02 
 1.20000000e+00  3.12413752e-02 
 1.21000000e+00  3.12300324e-02 
 1.22000000e+00  3.12192096e-02 
 1.23000000e+00  3.12088998e-02 
 1.24000000e+00  3.11990964e-02 
 1.25000000e+00  3.11897931e-02 
 1.26000000e+00  3.11809833e-02 
 1.27000000e+00  3.11726607e-02 
 1.28000000e+00  3.11648193e-02 
 1.29000000e+00  3.11574529e-02 
 1.30000000e+00  3.11505554e-02 
 1.31000000e+00  3.11441212e-02 
 1.32000000e+00  3.11381442e-02 
 1.33000000e+00  3.11326190e-02 
 1.34000000e+00  3.11275398e-02 
 1.35000000e+00  3.11229012e-02 
 1.36000000e+00  3.11186977e-02 
 1.37000000e+00  3.11149241e-02 
 1.38000000e+00  3.11115751e-02 
 1.39000000e+00  3.11086455e-02 
 1.40000000e+00  3.11061302e-02 
 1.41000000e+00  3.11040244e-02 
 1.42000000e+00  3.11023229e-02 
 1.43000000e+00  3.11010212e-02 
 1.44000000e+00  3.11001142e-02 
 1.45000000e+00  3.10995975e-02 
 1.46000000e+00  3.10994663e-02 
 1.47000000e+00  3.10997162e-02 
 1.48000000e+00  3.11003426e-02 
 1.49000000e+00  3.11013412e-02 
 1.50000000e+00  3.11027076e-02 
 1.51000000e+00  3.11044376e-02 
 1.52000000e+00  3.11065270e-02 
 1.53000000e+00  3.11089716e-02 
 1.54000000e+00  3.11117673e-02 
 1.55000000e+00  3.11149102e-02 
 1.56000000e+00  3.11183963e-02 
 1.57000000e+00  3.11222217e-02 
 1.58000000e+00  3.11263826e-02 
 1.59000000e+00  3.11308752e-02 
 1.60000000e+00  3.11356957e-02 
 1.61000000e+00  3.11408405e-02 
 1.62000000e+00  3.11463061e-02 
 1.63000000e+00  3.11520887e-02 
 1.64000000e+00  3.11581851e-02 
 1.65000000e+00  3.11645915e-02 
 1.66000000e+00  3.11713048e-02 
 1.67000000e+00  3.11783214e-02 
 1.68000000e+00  3.11856382e-02 
 1.69000000e+00  3.11932518e-02 
 1.70000000e+00  3.12011590e-02 
 1.71000000e+00  3.12093567e-02 
 1.72000000e+00  3.12178418e-02 
 1.73000000e+00  3.12266110e-02 
 1.74000000e+00  3.12356616e-02 
 1.75000000e+00  3.12449903e-02 
 1.76000000e+00  3.12545943e-02 
 1.77000000e+00  3.12644707e-02 
 1.78000000e+00  3.12746166e-02 
 1.79000000e+00  3.12850291e-02 
 1.80000000e+00  3.12957055e-02 
